function [list1, list2, list3, list4, list5] = communitiesCoact()
list1 = [1 2 5 9 10 12 14 15 22 23 24 25 48 49 50 52 53 54 55 56 57 59 60 62 73 82 83 84 85 86 87 91 93 100 102 103 106 107 108 109 110 111 112 113 114 115 118 124 133 135 137 138 139 142 143 145 146 147 148 149 150 151 152 154 156 157 158 159 160 162 163 164 165 166 167 169 171 172 173 174 175 176 177 178 179 180 181 183 184 188 189 190 191 192 199 200 201 202 206 210 211 216 217 218 219 221 222 223 224 225 226 227 228 277 288 295 296 298 300 307 308 311 312 313 314 316 317 318 319 428 429 432 439 443 444 446 447 449 450 452 467 468 469 470 471 472 500 509 513 515 516 517 518 519 520 521 523 524 525 530 531 532 534 535 536 539 541 542 543 544 545 546 547 548 549 550 551 555 556 557 558 559 560 561 562 563 564 566 567 568 569 570 571 572 573 574 575 576 578 579 580 582 583 584 585 586 587 588 589 590 593 594 595 596 610 633 637 638];
list2 = [6 7 11 13 16 18 19 21 38 40 42 44 47 186 194 214 215 229 230 234 235 238 239 240 241 242 309 310 321 330 355 368 369 370 371 372 373 374 375 376 377 378 380 381 382 384 385 386 387 388 392 393 394 395 396 397 400 403 405 406 407 409 410 411 412 413 414 415 416 418 420 421 423 424 425 453 454 455 456 463 464 465 466 473 474 475 476 477 478 479 480 481 482 487 488 489 490 491 496 497 498 499 501 502 503 504 505 506 507 508 511 512 526 527 528 529 553 554 565 591 592 597 598 599 600 601 602 603 604 605 606 607 608 609 611 612 613 614 615 616 617 618 619 620 621 622 623 624 625 626 627 628 629 630 631 632];
list3 = [3 4 8 17 20 39 41 43 45 46 51 58 61 63 64 65 66 67 68 69 70 71 72 74 75 76 77 78 79 80 81 88 89 90 92 94 95 96 97 98 99 101 104 105 116 117 119 120 121 122 123 125 126 127 128 129 130 131 132 134 136 141 144 153 155 161 168 170 182 185 187 193 220 231 232 233 236 237 278 287 292 294 297 299 304 328 329 331 332 333 334 335 345 346 347 348 349 350 351 352 353 354 357 358 359 360 361 362 363 365 366 398 399 401 402 404 408 417 419 422 431 433 434 435 437 445 448 451 483 484 485 486 492 493 494 495 510 514 634 635 636];
list4 = [26 27 28 29 30 31 32 33 34 35 36 37 195 196 197 198 203 204 205 207 208 209 212 213 243 244 245 246 247 248 249 250 251 252 253 254 255 256 257 258 259 260 261 262 263 264 265 266 267 268 269 270 271 272 273 274 275 276 279 280 281 282 283 284 285 286 289 290 291 293 301 302 303 305 306 315 336 337 338 339 340 341 342 343 344 457 458 459 460 461 462 522 533 537 538 540 552 577 581];
list5 = [140 320 322 323 324 325 326 327 356 364 367 379 383 389 390 391 426 427 430 436 438 440 441 442];

end

